5,0,0,1
4.9998,0.049999,0,1
4.999,0.099993,0,1
4.9978,0.14998,0,1
4.996,0.19995,0,1
4.9938,0.2499,0,1
4.991,0.29982,0,1
4.9878,0.34971,0,1
4.984,0.39957,0,1
4.9798,0.44939,0,1
4.975,0.49917,0,1
4.9698,0.54889,0,1
4.964,0.59856,0,1
4.9578,0.64817,0,1
4.9511,0.69772,0,1
4.9439,0.74719,0,1
4.9361,0.79659,0,1
4.9279,0.84591,0,1
4.9192,0.89515,0,1
4.91,0.94429,0,1
4.9003,0.99335,0,1
4.8902,1.0423,0,1
4.8795,1.0911,0,1
4.8683,1.1399,0,1
4.8567,1.1885,0,1
4.8446,1.237,0,1
4.8319,1.2854,0,1
4.8189,1.3337,0,1
4.8053,1.3818,0,1
4.7912,1.4298,0,1
4.7767,1.4776,0,1
4.7617,1.5253,0,1
4.7462,1.5728,0,1
4.7302,1.6202,0,1
4.7138,1.6674,0,1
4.6969,1.7145,0,1
4.6795,1.7614,0,1
4.6616,1.8081,0,1
4.6433,1.8546,0,1
4.6245,1.9009,0,1
4.6053,1.9471,0,1
4.5856,1.993,0,1
4.5654,2.0388,0,1
4.5448,2.0844,0,1
4.5238,2.1297,0,1
4.5022,2.1748,0,1
4.4803,2.2197,0,1
4.4578,2.2644,0,1
4.435,2.3089,0,1
4.4117,2.3531,0,1
4.3879,2.3971,0,1
4.3637,2.4409,0,1
4.3391,2.4844,0,1
4.314,2.5277,0,1
4.2885,2.5707,0,1
4.2626,2.6134,0,1
4.2363,2.6559,0,1
4.2095,2.6982,0,1
4.1823,2.7401,0,1
4.1547,2.7818,0,1
4.1267,2.8232,0,1
4.0982,2.8643,0,1
4.0694,2.9052,0,1
4.0401,2.9457,0,1
4.0105,2.986,0,1
3.9804,3.0259,0,1
3.95,3.0656,0,1
3.9191,3.1049,0,1
3.8879,3.144,0,1
3.8562,3.1827,0,1
3.8242,3.2211,0,1
3.7918,3.2592,0,1
3.759,3.2969,0,1
3.7259,3.3343,0,1
3.6923,3.3714,0,1
3.6584,3.4082,0,1
3.6242,3.4446,0,1
3.5896,3.4807,0,1
3.5546,3.5164,0,1
3.5192,3.5518,0,1
3.4835,3.5868,0,1
3.4475,3.6214,0,1
3.4111,3.6557,0,1
3.3744,3.6897,0,1
3.3373,3.7232,0,1
3.2999,3.7564,0,1
3.2622,3.7892,0,1
3.2241,3.8216,0,1
3.1858,3.8537,0,1
3.1471,3.8854,0,1
3.108,3.9166,0,1
3.0687,3.9475,0,1
3.0291,3.978,0,1
2.9892,4.0081,0,1
2.9489,4.0378,0,1
2.9084,4.0671,0,1
2.8676,4.096,0,1
2.8265,4.1244,0,1
2.7851,4.1525,0,1
2.7434,4.1801,0,1
2.7015,4.2074,0,1
2.6593,4.2342,0,1
2.6168,4.2605,0,1
2.5741,4.2865,0,1
2.5311,4.312,0,1
2.4879,4.3371,0,1
2.4444,4.3618,0,1
2.4006,4.386,0,1
2.3566,4.4098,0,1
2.3124,4.4331,0,1
2.268,4.456,0,1
2.2233,4.4785,0,1
2.1784,4.5005,0,1
2.1333,4.5221,0,1
2.088,4.5432,0,1
2.0424,4.5638,0,1
1.9967,4.584,0,1
1.9508,4.6038,0,1
1.9046,4.623,0,1
1.8583,4.6418,0,1
1.8118,4.6602,0,1
1.7651,4.6781,0,1
1.7182,4.6955,0,1
1.6712,4.7124,0,1
1.624,4.7289,0,1
1.5766,4.7449,0,1
1.5291,4.7605,0,1
1.4814,4.7755,0,1
1.4336,4.7901,0,1
1.3856,4.8042,0,1
1.3375,4.8178,0,1
1.2893,4.8309,0,1
1.2409,4.8436,0,1
1.1924,4.8557,0,1
1.1438,4.8674,0,1
1.095,4.8786,0,1
1.0462,4.8893,0,1
0.99725,4.8995,0,1
0.9482,4.9093,0,1
0.89906,4.9185,0,1
0.84984,4.9272,0,1
0.80052,4.9355,0,1
0.75113,4.9433,0,1
0.70166,4.9505,0,1
0.65212,4.9573,0,1
0.60251,4.9636,0,1
0.55285,4.9693,0,1
0.50313,4.9746,0,1
0.45336,4.9794,0,1
0.40354,4.9837,0,1
0.35369,4.9875,0,1
0.30379,4.9908,0,1
0.25387,4.9936,0,1
0.20393,4.9958,0,1
0.15396,4.9976,0,1
0.10397,4.9989,0,1
0.053981,4.9997,0,1
0.0039816,5,0,1
-0.046018,4.9998,0,1
-0.096012,4.9991,0,1
-0.146,4.9979,0,1
-0.19597,4.9962,0,1
-0.24592,4.9939,0,1
-0.29585,4.9912,0,1
-0.34574,4.988,0,1
-0.3956,4.9843,0,1
-0.44543,4.9801,0,1
-0.49521,4.9754,0,1
-0.54493,4.9702,0,1
-0.59461,4.9645,0,1
-0.64422,4.9583,0,1
-0.69377,4.9516,0,1
-0.74325,4.9444,0,1
-0.79266,4.9368,0,1
-0.84199,4.9286,0,1
-0.89123,4.9199,0,1
-0.94038,4.9108,0,1
-0.98944,4.9011,0,1
-1.0384,4.891,0,1
-1.0873,4.8804,0,1
-1.136,4.8692,0,1
-1.1846,4.8576,0,1
-1.2332,4.8455,0,1
-1.2816,4.833,0,1
-1.3298,4.8199,0,1
-1.378,4.8064,0,1
-1.4259,4.7924,0,1
-1.4738,4.7779,0,1
-1.5215,4.7629,0,1
-1.5691,4.7474,0,1
-1.6164,4.7315,0,1
-1.6637,4.7151,0,1
-1.7107,4.6982,0,1
-1.7576,4.6809,0,1
-1.8044,4.6631,0,1
-1.8509,4.6448,0,1
-1.8973,4.6261,0,1
-1.9434,4.6069,0,1
-1.9894,4.5872,0,1
-2.0352,4.5671,0,1
-2.0807,4.5465,0,1
-2.1261,4.5255,0,1
-2.1712,4.504,0,1
-2.2162,4.482,0,1
-2.2609,4.4596,0,1
-2.3054,4.4368,0,1
-2.3496,4.4135,0,1
-2.3936,4.3898,0,1
-2.4374,4.3657,0,1
-2.4809,4.3411,0,1
-2.5242,4.316,0,1
-2.5673,4.2906,0,1
-2.61,4.2647,0,1
-2.6526,4.2384,0,1
-2.6948,4.2117,0,1
-2.7368,4.1845,0,1
-2.7785,4.1569,0,1
-2.8199,4.1289,0,1
-2.8611,4.1005,0,1
-2.9019,4.0717,0,1
-2.9425,4.0425,0,1
-2.9828,4.0129,0,1
-3.0228,3.9828,0,1
-3.0624,3.9524,0,1
-3.1018,3.9216,0,1
-3.1409,3.8904,0,1
-3.1796,3.8588,0,1
-3.218,3.8268,0,1
-3.2561,3.7944,0,1
-3.2939,3.7617,0,1
-3.3314,3.7285,0,1
-3.3685,3.695,0,1
-3.4053,3.6612,0,1
-3.4417,3.6269,0,1
-3.4778,3.5923,0,1
-3.5136,3.5574,0,1
-3.549,3.5221,0,1
-3.584,3.4864,0,1
-3.6187,3.4504,0,1
-3.653,3.414,0,1
-3.687,3.3773,0,1
-3.7206,3.3403,0,1
-3.7538,3.3029,0,1
-3.7866,3.2652,0,1
-3.8191,3.2272,0,1
-3.8512,3.1888,0,1
-3.8829,3.1502,0,1
-3.9142,3.1112,0,1
-3.9451,3.0719,0,1
-3.9756,3.0323,0,1
-4.0057,2.9924,0,1
-4.0354,2.9522,0,1
-4.0648,2.9117,0,1
-4.0937,2.8709,0,1
-4.1222,2.8298,0,1
-4.1503,2.7884,0,1
-4.1779,2.7468,0,1
-4.2052,2.7049,0,1
-4.232,2.6627,0,1
-4.2585,2.6202,0,1
-4.2844,2.5775,0,1
-4.31,2.5345,0,1
-4.3351,2.4913,0,1
-4.3598,2.4478,0,1
-4.3841,2.4041,0,1
-4.4079,2.3602,0,1
-4.4313,2.316,0,1
-4.4542,2.2715,0,1
-4.4767,2.2269,0,1
-4.4988,2.182,0,1
-4.5204,2.1369,0,1
-4.5415,2.0916,0,1
-4.5622,2.0461,0,1
-4.5824,2.0003,0,1
-4.6022,1.9544,0,1
-4.6215,1.9083,0,1
-4.6404,1.862,0,1
-4.6588,1.8155,0,1
-4.6767,1.7688,0,1
-4.6941,1.722,0,1
-4.7111,1.6749,0,1
-4.7276,1.6277,0,1
-4.7437,1.5804,0,1
-4.7592,1.5329,0,1
-4.7743,1.4852,0,1
-4.7889,1.4374,0,1
-4.8031,1.3894,0,1
-4.8167,1.3413,0,1
-4.8299,1.2931,0,1
-4.8426,1.2447,0,1
-4.8548,1.1962,0,1
-4.8665,1.1476,0,1
-4.8777,1.0989,0,1
-4.8885,1.0501,0,1
-4.8987,1.0011,0,1
-4.9085,0.95211,0,1
-4.9178,0.90298,0,1
-4.9266,0.85376,0,1
-4.9349,0.80445,0,1
-4.9427,0.75506,0,1
-4.95,0.7056,0,1
-4.9568,0.65607,0,1
-4.9631,0.60647,0,1
-4.9689,0.55681,0,1
-4.9742,0.50709,0,1
-4.979,0.45732,0,1
-4.9834,0.40751,0,1
-4.9872,0.35766,0,1
-4.9905,0.30777,0,1
-4.9933,0.25785,0,1
-4.9957,0.2079,0,1
-4.9975,0.15794,0,1
-4.9988,0.10795,0,1
-4.9997,0.057962,0,1
-5,0.0079633,0,1
-4.9998,-0.042036,0,1
-4.9992,-0.092032,0,1
-4.998,-0.14202,0,1
-4.9963,-0.19199,0,1
-4.9941,-0.24194,0,1
-4.9915,-0.29187,0,1
-4.9883,-0.34177,0,1
-4.9846,-0.39164,0,1
-4.9805,-0.44146,0,1
-4.9758,-0.49124,0,1
-4.9706,-0.54098,0,1
-4.965,-0.59065,0,1
-4.9588,-0.64027,0,1
-4.9522,-0.68983,0,1
-4.945,-0.73932,0,1
-4.9374,-0.78873,0,1
-4.9293,-0.83806,0,1
-4.9206,-0.88731,0,1
-4.9115,-0.93647,0,1
-4.9019,-0.98554,0,1
-4.8918,-1.0345,0,1
-4.8812,-1.0834,0,1
-4.8701,-1.1321,0,1
-4.8586,-1.1808,0,1
-4.8465,-1.2293,0,1
-4.834,-1.2777,0,1
-4.821,-1.326,0,1
-4.8075,-1.3741,0,1
-4.7935,-1.4221,0,1
-4.779,-1.47,0,1
-4.7641,-1.5177,0,1
-4.7487,-1.5653,0,1
-4.7328,-1.6127,0,1
-4.7164,-1.6599,0,1
-4.6996,-1.707,0,1
-4.6823,-1.7539,0,1
-4.6645,-1.8007,0,1
-4.6463,-1.8472,0,1
-4.6276,-1.8936,0,1
-4.6084,-1.9398,0,1
-4.5888,-1.9857,0,1
-4.5687,-2.0315,0,1
-4.5481,-2.0771,0,1
-4.5271,-2.1225,0,1
-4.5057,-2.1677,0,1
-4.4838,-2.2126,0,1
-4.4614,-2.2573,0,1
-4.4386,-2.3018,0,1
-4.4154,-2.3461,0,1
-4.3917,-2.3901,0,1
-4.3676,-2.4339,0,1
-4.343,-2.4775,0,1
-4.3181,-2.5208,0,1
-4.2926,-2.5638,0,1
-4.2668,-2.6066,0,1
-4.2405,-2.6492,0,1
-4.2138,-2.6915,0,1
-4.1867,-2.7335,0,1
-4.1591,-2.7752,0,1
-4.1312,-2.8166,0,1
-4.1028,-2.8578,0,1
-4.074,-2.8987,0,1
-4.0448,-2.9393,0,1
-4.0152,-2.9796,0,1
-3.9852,-3.0196,0,1
-3.9548,-3.0593,0,1
-3.924,-3.0987,0,1
-3.8929,-3.1378,0,1
-3.8613,-3.1765,0,1
-3.8293,-3.215,0,1
-3.797,-3.2531,0,1
-3.7643,-3.2909,0,1
-3.7312,-3.3284,0,1
-3.6977,-3.3656,0,1
-3.6639,-3.4024,0,1
-3.6297,-3.4388,0,1
-3.5951,-3.475,0,1
-3.5602,-3.5107,0,1
-3.5249,-3.5462,0,1
-3.4892,-3.5812,0,1
-3.4533,-3.6159,0,1
-3.4169,-3.6503,0,1
-3.3803,-3.6843,0,1
-3.3432,-3.7179,0,1
-3.3059,-3.7511,0,1
-3.2682,-3.784,0,1
-3.2302,-3.8165,0,1
-3.1919,-3.8486,0,1
-3.1532,-3.8803,0,1
-3.1143,-3.9117,0,1
-3.075,-3.9426,0,1
-3.0354,-3.9732,0,1
-2.9955,-4.0033,0,1
-2.9554,-4.0331,0,1
-2.9149,-4.0624,0,1
-2.8741,-4.0914,0,1
-2.8331,-4.1199,0,1
-2.7917,-4.148,0,1
-2.7501,-4.1758,0,1
-2.7082,-4.203,0,1
-2.666,-4.2299,0,1
-2.6236,-4.2564,0,1
-2.5809,-4.2824,0,1
-2.538,-4.308,0,1
-2.4948,-4.3331,0,1
-2.4513,-4.3579,0,1
-2.4076,-4.3822,0,1
-2.3637,-4.406,0,1
-2.3195,-4.4294,0,1
-2.2751,-4.4524,0,1
-2.2304,-4.4749,0,1
-2.1856,-4.497,0,1
-2.1405,-4.5187,0,1
-2.0952,-4.5398,0,1
-2.0497,-4.5606,0,1
-2.004,-4.5808,0,1
-1.9581,-4.6006,0,1
-1.912,-4.62,0,1
-1.8657,-4.6389,0,1
-1.8192,-4.6573,0,1
-1.7725,-4.6753,0,1
-1.7257,-4.6928,0,1
-1.6787,-4.7098,0,1
-1.6315,-4.7263,0,1
-1.5842,-4.7424,0,1
-1.5367,-4.758,0,1
-1.489,-4.7731,0,1
-1.4412,-4.7878,0,1
-1.3933,-4.802,0,1
-1.3452,-4.8157,0,1
-1.2969,-4.8289,0,1
-1.2486,-4.8416,0,1
-1.2001,-4.8538,0,1
-1.1515,-4.8656,0,1
-1.1028,-4.8769,0,1
-1.054,-4.8877,0,1
-1.0051,-4.8979,0,1
-0.95602,-4.9078,0,1
-0.9069,-4.9171,0,1
-0.85768,-4.9259,0,1
-0.80838,-4.9342,0,1
-0.759,-4.9421,0,1
-0.70954,-4.9494,0,1
-0.66001,-4.9562,0,1
-0.61042,-4.9626,0,1
-0.56076,-4.9685,0,1
-0.51105,-4.9738,0,1
-0.46129,-4.9787,0,1
-0.41148,-4.983,0,1
-0.36163,-4.9869,0,1
-0.31174,-4.9903,0,1
-0.26183,-4.9931,0,1
-0.21188,-4.9955,0,1
-0.16192,-4.9974,0,1
-0.11194,-4.9987,0,1
-0.061943,-4.9996,0,1
-0.011945,-5,0,1
0.038055,-4.9999,0,1
0.088051,-4.9992,0,1
0.13804,-4.9981,0,1
0.18801,-4.9965,0,1
0.23797,-4.9943,0,1
0.2879,-4.9917,0,1
0.3378,-4.9886,0,1
0.38767,-4.9849,0,1
0.43749,-4.9808,0,1
0.48728,-4.9762,0,1
0.53702,-4.9711,0,1
0.5867,-4.9655,0,1
0.63632,-4.9593,0,1
0.68589,-4.9527,0,1
0.73538,-4.9456,0,1
0.7848,-4.938,0,1
0.83414,-4.9299,0,1
0.88339,-4.9213,0,1
0.93256,-4.9123,0,1
0.98164,-4.9027,0,1
1.0306,-4.8926,0,1
1.0795,-4.8821,0,1
1.1283,-4.871,0,1
1.1769,-4.8595,0,1
1.2254,-4.8475,0,1
1.2739,-4.835,0,1
1.3221,-4.822,0,1
1.3703,-4.8086,0,1
1.4183,-4.7946,0,1
1.4662,-4.7802,0,1
1.5139,-4.7653,0,1
1.5615,-4.7499,0,1
1.6089,-4.7341,0,1
1.6562,-4.7177,0,1
1.7033,-4.7009,0,1
1.7502,-4.6837,0,1
1.7969,-4.6659,0,1
1.8435,-4.6477,0,1
1.8899,-4.6291,0,1
1.9361,-4.6099,0,1
1.9821,-4.5904,0,1
2.0279,-4.5703,0,1
2.0735,-4.5498,0,1
2.1189,-4.5288,0,1
2.1641,-4.5074,0,1
2.209,-4.4856,0,1
2.2538,-4.4632,0,1
2.2983,-4.4405,0,1
2.3426,-4.4173,0,1
2.3866,-4.3936,0,1
2.4305,-4.3695,0,1
2.474,-4.345,0,1
2.5174,-4.3201,0,1
2.5604,-4.2947,0,1
2.6032,-4.2689,0,1
2.6458,-4.2426,0,1
2.6881,-4.2159,0,1
2.7301,-4.1888,0,1
2.7719,-4.1613,0,1
2.8133,-4.1334,0,1
2.8545,-4.1051,0,1
2.8954,-4.0763,0,1
2.9361,-4.0472,0,1
2.9764,-4.0176,0,1
3.0164,-3.9876,0,1
3.0561,-3.9573,0,1
3.0956,-3.9265,0,1
3.1347,-3.8954,0,1
3.1735,-3.8638,0,1
3.2119,-3.8319,0,1
3.2501,-3.7996,0,1
3.2879,-3.7669,0,1
3.3254,-3.7338,0,1
3.3626,-3.7004,0,1
3.3994,-3.6666,0,1
3.4359,-3.6324,0,1
3.4721,-3.5979,0,1
3.5079,-3.563,0,1
3.5433,-3.5277,0,1
3.5784,-3.4921,0,1
3.6132,-3.4561,0,1
3.6476,-3.4198,0,1
3.6816,-3.3832,0,1
3.7152,-3.3462,0,1
3.7485,-3.3089,0,1
3.7814,-3.2712,0,1
3.8139,-3.2333,0,1
3.8461,-3.195,0,1
3.8778,-3.1563,0,1
3.9092,-3.1174,0,1
3.9402,-3.0782,0,1
3.9708,-3.0386,0,1
4.0009,-2.9987,0,1
4.0307,-2.9586,0,1
4.0601,-2.9181,0,1
4.0891,-2.8774,0,1
4.1177,-2.8363,0,1
4.1458,-2.795,0,1
4.1736,-2.7534,0,1
4.2009,-2.7116,0,1
4.2278,-2.6694,0,1
4.2543,-2.627,0,1
4.2803,-2.5843,0,1
4.306,-2.5414,0,1
4.3312,-2.4982,0,1
4.3559,-2.4548,0,1
4.3803,-2.4111,0,1
4.4041,-2.3672,0,1
4.4276,-2.323,0,1
4.4506,-2.2786,0,1
4.4732,-2.234,0,1
4.4953,-2.1892,0,1
4.517,-2.1441,0,1
4.5382,-2.0988,0,1
4.5589,-2.0533,0,1
4.5792,-2.0076,0,1
4.5991,-1.9618,0,1
4.6185,-1.9157,0,1
4.6374,-1.8694,0,1
4.6559,-1.8229,0,1
4.6738,-1.7763,0,1
4.6914,-1.7294,0,1
4.7084,-1.6824,0,1
4.725,-1.6353,0,1
4.7411,-1.5879,0,1
4.7568,-1.5405,0,1
4.772,-1.4928,0,1
4.7866,-1.445,0,1
4.8009,-1.3971,0,1
4.8146,-1.349,0,1
4.8278,-1.3008,0,1
4.8406,-1.2524,0,1
4.8529,-1.204,0,1
4.8647,-1.1554,0,1
4.876,-1.1067,0,1
4.8868,-1.0579,0,1
4.8971,-1.009,0,1
4.907,-0.95993,0,1
4.9163,-0.91081,0,1
4.9252,-0.8616,0,1
4.9336,-0.81231,0,1
4.9415,-0.76293,0,1
4.9488,-0.71348,0,1
4.9557,-0.66396,0,1
4.9621,-0.61437,0,1
4.968,-0.56472,0,1
4.9734,-0.51501,0,1
4.9783,-0.46525,0,1
4.9827,-0.41545,0,1
4.9866,-0.3656,0,1
4.99,-0.31572,0,1
4.9929,-0.2658,0,1
4.9953,-0.21586,0,1
4.9972,-0.1659,0,1
4.9987,-0.11592,0,1
4.9996,-0.065925,0,1
5,-0.015927,0,1
